   0.0000000e+00   1.0000000e+00   0.0000000e+00  -4.8459265e-01
   1.9998667e-02   9.9980001e-01   2.0000000e-02  -4.6034479e-01
   2.9995500e-02   9.9955003e-01   3.0000000e-02  -4.4862076e-01
   4.9979169e-02   9.9875026e-01   5.0000000e-02  -4.2597498e-01
   5.9964006e-02   9.9820054e-01   6.0000000e-02  -4.1505416e-01
   6.9942847e-02   9.9755100e-01   7.0000000e-02  -4.0440194e-01
   7.9914694e-02   9.9680171e-01   8.0000000e-02  -3.9401872e-01
   9.9833417e-02   9.9500417e-01   1.0000000e-01  -3.7406071e-01
   1.0977830e-01   9.9395610e-01   1.1000000e-01  -3.6448656e-01
   1.1971221e-01   9.9280864e-01   1.2000000e-01  -3.5518271e-01
   1.2963414e-01   9.9156189e-01   1.3000000e-01  -3.4614941e-01
   1.3954311e-01   9.9021600e-01   1.4000000e-01  -3.3738689e-01
   1.4943813e-01   9.8877108e-01   1.5000000e-01  -3.2889535e-01
   1.5931821e-01   9.8722728e-01   1.6000000e-01  -3.2067497e-01
   1.6918235e-01   9.8558477e-01   1.7000000e-01  -3.1272590e-01
   1.7902957e-01   9.8384369e-01   1.8000000e-01  -3.0504825e-01
   1.8885889e-01   9.8200424e-01   1.9000000e-01  -2.9764213e-01
   1.9866933e-01   9.8006658e-01   2.0000000e-01  -2.9050758e-01
   2.0845990e-01   9.7803091e-01   2.1000000e-01  -2.8364467e-01
   2.2797752e-01   9.7366640e-01   2.3000000e-01  -2.7073374e-01
   2.4740396e-01   9.6891242e-01   2.5000000e-01  -2.5890911e-01
   2.5708055e-01   9.6638998e-01   2.6000000e-01  -2.5340397e-01
   2.6673144e-01   9.6377090e-01   2.7000000e-01  -2.4817012e-01
   2.8595223e-01   9.5824388e-01   2.9000000e-01  -2.3851567e-01
   3.1456656e-01   9.4923542e-01   3.2000000e-01  -2.2606404e-01
   3.2404303e-01   9.4604234e-01   3.3000000e-01  -2.2245384e-01
   3.3348709e-01   9.4275467e-01   3.4000000e-01  -2.1911330e-01
   3.4289781e-01   9.3937271e-01   3.5000000e-01  -2.1604209e-01
   3.6161543e-01   9.3232735e-01   3.7000000e-01  -2.1070618e-01
   3.7092047e-01   9.2866464e-01   3.8000000e-01  -2.0844065e-01
   3.8018842e-01   9.2490906e-01   3.9000000e-01  -2.0644283e-01
   3.8941834e-01   9.2106099e-01   4.0000000e-01  -2.0471223e-01
   3.9860933e-01   9.1712082e-01   4.1000000e-01  -2.0324836e-01
   4.0776045e-01   9.1308894e-01   4.2000000e-01  -2.0205068e-01
   4.1687080e-01   9.0896575e-01   4.3000000e-01  -2.0111865e-01
   4.2593947e-01   9.0475166e-01   4.4000000e-01  -2.0045169e-01
   4.5288629e-01   8.9156829e-01   4.7000000e-01  -2.0003496e-01
   4.7062589e-01   8.8233286e-01   4.9000000e-01  -2.0107062e-01
   4.7942554e-01   8.7758256e-01   5.0000000e-01  -2.0198036e-01
   4.8817725e-01   8.7274451e-01   5.1000000e-01  -2.0315035e-01
   4.9688014e-01   8.6781918e-01   5.2000000e-01  -2.0457982e-01
   5.0553334e-01   8.6280707e-01   5.3000000e-01  -2.0626793e-01
   5.2268723e-01   8.5252452e-01   5.5000000e-01  -2.1041671e-01
   5.3118620e-01   8.4725511e-01   5.6000000e-01  -2.1287562e-01
   5.3963205e-01   8.4190098e-01   5.7000000e-01  -2.1558966e-01
   5.4802394e-01   8.3646265e-01   5.8000000e-01  -2.1855787e-01
   5.7286746e-01   8.1964802e-01   6.1000000e-01  -2.2897776e-01
   5.8103516e-01   8.1387846e-01   6.2000000e-01  -2.3295273e-01
   5.9719544e-01   8.0209576e-01   6.4000000e-01  -2.4164880e-01
   6.0518641e-01   7.9608380e-01   6.5000000e-01  -2.4636768e-01
   6.1311685e-01   7.8999223e-01   6.6000000e-01  -2.5133227e-01
   6.2098599e-01   7.8382167e-01   6.7000000e-01  -2.5654140e-01
   6.3653718e-01   7.7124601e-01   6.9000000e-01  -2.6768848e-01
   6.4421769e-01   7.6484219e-01   7.0000000e-01  -2.7362397e-01
   6.5183377e-01   7.5836188e-01   7.1000000e-01  -2.7979907e-01
   6.5938467e-01   7.5180573e-01   7.2000000e-01  -2.8621249e-01
   6.6686964e-01   7.4517440e-01   7.3000000e-01  -2.9286292e-01
   6.7428791e-01   7.3846856e-01   7.4000000e-01  -2.9974902e-01
   6.8163876e-01   7.3168887e-01   7.5000000e-01  -3.0686943e-01
   6.8892145e-01   7.2483601e-01   7.6000000e-01  -3.1422276e-01
   6.9613524e-01   7.1791067e-01   7.7000000e-01  -3.2180759e-01
   7.1035327e-01   7.0384532e-01   7.9000000e-01  -3.3766605e-01
   7.1735609e-01   6.9670671e-01   8.0000000e-01  -3.4593674e-01
   7.2428717e-01   6.8949843e-01   8.1000000e-01  -3.5443306e-01
   7.3114583e-01   6.8222121e-01   8.2000000e-01  -3.6315351e-01
   7.3793137e-01   6.7487576e-01   8.3000000e-01  -3.7209653e-01
   7.4464312e-01   6.6746283e-01   8.4000000e-01  -3.8126056e-01
   7.5128041e-01   6.5998315e-01   8.5000000e-01  -3.9064401e-01
   7.5784256e-01   6.5243747e-01   8.6000000e-01  -4.0024525e-01
   7.6432894e-01   6.4482655e-01   8.7000000e-01  -4.1006267e-01
   7.7073888e-01   6.3715114e-01   8.8000000e-01  -4.2009460e-01
   7.7707175e-01   6.2941203e-01   8.9000000e-01  -4.3033936e-01
   7.8332691e-01   6.2160997e-01   9.0000000e-01  -4.4079526e-01
   7.9560162e-01   6.0582016e-01   9.2000000e-01  -4.6233358e-01
   8.0161994e-01   5.9783398e-01   9.3000000e-01  -4.7341250e-01
   8.0755810e-01   5.8978803e-01   9.4000000e-01  -4.8469554e-01
   8.1919157e-01   5.7351999e-01   9.6000000e-01  -5.0786681e-01
   8.2488571e-01   5.6529953e-01   9.7000000e-01  -5.1975137e-01
   8.3602598e-01   5.4868986e-01   9.9000000e-01  -5.4410902e-01
   8.4147098e-01   5.4030231e-01   1.0000000e+00  -5.5657832e-01
   8.5210802e-01   5.2336595e-01   1.0200000e+00  -5.8208829e-01
   8.5729899e-01   5.1481884e-01   1.0300000e+00  -5.9512505e-01
   8.6742323e-01   4.9757105e-01   1.0500000e+00  -6.2175226e-01
   8.7235548e-01   4.8887208e-01   1.0600000e+00  -6.3533868e-01
   8.7720050e-01   4.8012423e-01   1.0700000e+00  -6.4910429e-01
   8.8195781e-01   4.7132836e-01   1.0800000e+00  -6.6304703e-01
   8.8662691e-01   4.6248537e-01   1.0900000e+00  -6.7716483e-01
   8.9120736e-01   4.5359612e-01   1.1000000e+00  -6.9145560e-01
   8.9569869e-01   4.4466152e-01   1.1100000e+00  -7.0591725e-01
   9.0010044e-01   4.3568245e-01   1.1200000e+00  -7.2054764e-01
   9.0441219e-01   4.2665981e-01   1.1300000e+00  -7.3534466e-01
   9.1276394e-01   4.0848744e-01   1.1500000e+00  -7.6542990e-01
   9.1680311e-01   3.9933953e-01   1.1600000e+00  -7.8071377e-01
   9.2075060e-01   3.9015168e-01   1.1700000e+00  -7.9615554e-01
   9.2460601e-01   3.8092482e-01   1.1800000e+00  -8.1175300e-01
   9.2836897e-01   3.7165987e-01   1.1900000e+00  -8.2750391e-01
   9.3203909e-01   3.6235775e-01   1.2000000e+00  -8.4340602e-01
   9.3561600e-01   3.5301940e-01   1.2100000e+00  -8.5945706e-01
   9.3909936e-01   3.4364575e-01   1.2200000e+00  -8.7565477e-01
   9.4248880e-01   3.3423773e-01   1.2300000e+00  -8.9199684e-01
   9.4898462e-01   3.1532236e-01   1.2500000e+00  -9.2510483e-01
   9.5209034e-01   3.0581691e-01   1.2600000e+00  -9.4186609e-01
   9.5801586e-01   2.8671521e-01   1.2800000e+00  -9.7579138e-01
   9.6083506e-01   2.7712088e-01   1.2900000e+00  -9.9295068e-01
   9.6355819e-01   2.6749883e-01   1.3000000e+00  -1.0102379e+00
   9.6618495e-01   2.5785003e-01   1.3100000e+00  -1.0276506e+00
   9.6871510e-01   2.4817545e-01   1.3200000e+00  -1.0451864e+00
   9.7114838e-01   2.3847605e-01   1.3300000e+00  -1.0628429e+00
   9.7348454e-01   2.2875281e-01   1.3400000e+00  -1.0806177e+00
   9.7572336e-01   2.1900669e-01   1.3500000e+00  -1.0985082e+00
   9.7786460e-01   2.0923867e-01   1.3600000e+00  -1.1165120e+00
   9.8185353e-01   1.8964083e-01   1.3800000e+00  -1.1528497e+00
   9.8370081e-01   1.7981298e-01   1.3900000e+00  -1.1711786e+00
   9.8544973e-01   1.6996714e-01   1.4000000e+00  -1.1896109e+00
   9.8710010e-01   1.6010431e-01   1.4100000e+00  -1.2081439e+00
   9.8865176e-01   1.5022547e-01   1.4200000e+00  -1.2267753e+00
   9.9010456e-01   1.4033161e-01   1.4300000e+00  -1.2455025e+00
   9.9271299e-01   1.2050277e-01   1.4500000e+00  -1.2832340e+00
   9.9492435e-01   1.0062573e-01   1.4700000e+00  -1.3213178e+00
   9.9588084e-01   9.0671624e-02   1.4800000e+00  -1.3404855e+00
   9.9673775e-01   8.0708448e-02   1.4900000e+00  -1.3597335e+00
   9.9749499e-01   7.0737202e-02   1.5000000e+00  -1.3790592e+00
   9.9815247e-01   6.0758881e-02   1.5100000e+00  -1.3984602e+00
   9.9871014e-01   5.0774485e-02   1.5200000e+00  -1.4179336e+00
   9.9916795e-01   4.0785011e-02   1.5300000e+00  -1.4374770e+00
   9.9978376e-01   2.0794828e-02   1.5500000e+00  -1.4767630e+00
   9.9994172e-01   1.0796117e-02   1.5600000e+00  -1.4965003e+00
   9.9999968e-01   7.9632671e-04   1.5700000e+00  -1.5162970e+00
   9.9995765e-01  -9.2035433e-03   1.5800000e+00  -1.5361504e+00
   9.9957360e-01  -2.9199522e-02   1.6000000e+00  -1.5760167e+00
   9.9923163e-01  -3.9193632e-02   1.6100000e+00  -1.5960243e+00
   9.9878974e-01  -4.9183822e-02   1.6200000e+00  -1.6160779e+00
   9.9824797e-01  -5.9169094e-02   1.6300000e+00  -1.6361748e+00
   9.9602399e-01  -8.9085417e-02   1.6600000e+00  -1.6966991e+00
   9.9508335e-01  -9.9041037e-02   1.6700000e+00  -1.7169426e+00
   9.9404320e-01  -1.0898675e-01   1.6800000e+00  -1.7372160e+00
   9.9290365e-01  -1.1892157e-01   1.6900000e+00  -1.7575167e+00
   9.9166481e-01  -1.2884449e-01   1.7000000e+00  -1.7778419e+00
   9.9032680e-01  -1.3875453e-01   1.7100000e+00  -1.7981888e+00
   9.8888977e-01  -1.4865070e-01   1.7200000e+00  -1.8185548e+00
   9.8735384e-01  -1.5853200e-01   1.7300000e+00  -1.8389373e+00
   9.8571918e-01  -1.6839745e-01   1.7400000e+00  -1.8593333e+00
   9.8398595e-01  -1.7824606e-01   1.7500000e+00  -1.8797404e+00
   9.8215432e-01  -1.8807684e-01   1.7600000e+00  -1.9001556e+00
   9.8022447e-01  -1.9788881e-01   1.7700000e+00  -1.9205764e+00
   9.7607092e-01  -2.1745242e-01   1.7900000e+00  -1.9614237e+00
   9.7384763e-01  -2.2720209e-01   1.8000000e+00  -1.9818447e+00
   9.7152696e-01  -2.3692905e-01   1.8100000e+00  -2.0022604e+00
   9.6659439e-01  -2.5631091e-01   1.8300000e+00  -2.0430649e+00
   9.6127520e-01  -2.7559025e-01   1.8500000e+00  -2.0838154e+00
   9.5847128e-01  -2.8518906e-01   1.8600000e+00  -2.1041637e+00
   9.5557152e-01  -2.9475935e-01   1.8700000e+00  -2.1244903e+00
   9.5257619e-01  -3.0430017e-01   1.8800000e+00  -2.1447927e+00
   9.4948561e-01  -3.1381056e-01   1.8900000e+00  -2.1650679e+00
   9.4630009e-01  -3.2328957e-01   1.9000000e+00  -2.1853135e+00
   9.4301993e-01  -3.3273625e-01   1.9100000e+00  -2.2055266e+00
   9.3964547e-01  -3.4214965e-01   1.9200000e+00  -2.2257046e+00
   9.3617705e-01  -3.5152884e-01   1.9300000e+00  -2.2458448e+00
   9.3261501e-01  -3.6087288e-01   1.9400000e+00  -2.2659444e+00
   9.2895972e-01  -3.7018083e-01   1.9500000e+00  -2.2860009e+00
   9.2521152e-01  -3.7945176e-01   1.9600000e+00  -2.3060115e+00
   9.1743796e-01  -3.9787887e-01   1.9800000e+00  -2.3458844e+00
   9.1341336e-01  -4.0703321e-01   1.9900000e+00  -2.3657413e+00
   9.0079319e-01  -4.3424835e-01   2.0200000e+00  -2.4249624e+00
   8.8736237e-01  -4.6107269e-01   2.0500000e+00  -2.4836031e+00
   8.8270735e-01  -4.6992311e-01   2.0600000e+00  -2.5030087e+00
   8.7796406e-01  -4.7872654e-01   2.0700000e+00  -2.5223394e+00
   8.7313298e-01  -4.8748210e-01   2.0800000e+00  -2.5415925e+00
   8.6821458e-01  -4.9618891e-01   2.0900000e+00  -2.5607654e+00
   8.6320937e-01  -5.0484610e-01   2.1000000e+00  -2.5798555e+00
   8.4767784e-01  -5.3051134e-01   2.1300000e+00  -2.6366033e+00
   8.4233043e-01  -5.3896145e-01   2.1400000e+00  -2.6553365e+00
   8.3689879e-01  -5.4735767e-01   2.1500000e+00  -2.6739742e+00
   8.3138346e-01  -5.5569915e-01   2.1600000e+00  -2.6925136e+00
   8.2578499e-01  -5.6398506e-01   2.1700000e+00  -2.7109524e+00
   8.0849640e-01  -5.8850112e-01   2.2000000e+00  -2.7656397e+00
   8.0257107e-01  -5.9655652e-01   2.2100000e+00  -2.7836507e+00
   7.9656547e-01  -6.0455227e-01   2.2200000e+00  -2.8015485e+00
   7.8431593e-01  -6.2036161e-01   2.2400000e+00  -2.8369950e+00
   7.7807320e-01  -6.2817362e-01   2.2500000e+00  -2.8545386e+00
   7.6535495e-01  -6.4360842e-01   2.2700000e+00  -2.8892547e+00
   7.5888071e-01  -6.5122966e-01   2.2800000e+00  -2.9064223e+00
   7.4570521e-01  -6.6627602e-01   2.3000000e+00  -2.9403646e+00
   7.3900528e-01  -6.7369964e-01   2.3100000e+00  -2.9571346e+00
   7.3223144e-01  -6.8105588e-01   2.3200000e+00  -2.9737674e+00
   7.2538439e-01  -6.8834402e-01   2.3300000e+00  -2.9902605e+00
   7.1846479e-01  -6.9556333e-01   2.3400000e+00  -3.0066118e+00
   7.1147335e-01  -7.0271308e-01   2.3500000e+00  -3.0228189e+00
   7.0441077e-01  -7.0979256e-01   2.3600000e+00  -3.0388794e+00
   6.9727774e-01  -7.1680106e-01   2.3700000e+00  -3.0547911e+00
   6.9007498e-01  -7.2373788e-01   2.3800000e+00  -3.0705518e+00
   6.8280322e-01  -7.3060233e-01   2.3900000e+00  -3.0861592e+00
   6.7546318e-01  -7.3739372e-01   2.4000000e+00  -3.1016111e+00
   6.6805559e-01  -7.4411137e-01   2.4100000e+00  -3.1169051e+00
   6.6058120e-01  -7.5075460e-01   2.4200000e+00  -3.1320393e+00
   6.5304075e-01  -7.5732277e-01   2.4300000e+00  -3.1470112e+00
   6.4543500e-01  -7.6381520e-01   2.4400000e+00  -3.1618189e+00
   6.3003063e-01  -7.7657028e-01   2.4600000e+00  -3.1909326e+00
   6.2223356e-01  -7.8283166e-01   2.4700000e+00  -3.2052344e+00
   6.1437426e-01  -7.8901475e-01   2.4800000e+00  -3.2193634e+00
   6.0645352e-01  -7.9511894e-01   2.4900000e+00  -3.2333174e+00
   5.9847214e-01  -8.0114362e-01   2.5000000e+00  -3.2470945e+00
   5.9043092e-01  -8.0708818e-01   2.5100000e+00  -3.2606925e+00
   5.8233065e-01  -8.1295204e-01   2.5200000e+00  -3.2741094e+00
   5.7417215e-01  -8.1873460e-01   2.5300000e+00  -3.2873432e+00
   5.6595623e-01  -8.2443529e-01   2.5400000e+00  -3.3003919e+00
   5.5768372e-01  -8.3005354e-01   2.5500000e+00  -3.3132536e+00
   5.4935544e-01  -8.3558878e-01   2.5600000e+00  -3.3259262e+00
   5.4097222e-01  -8.4104046e-01   2.5700000e+00  -3.3384079e+00
   5.3253491e-01  -8.4640804e-01   2.5800000e+00  -3.3506966e+00
   5.2404434e-01  -8.5169098e-01   2.5900000e+00  -3.3627905e+00
   5.1550137e-01  -8.5688875e-01   2.6000000e+00  -3.3746878e+00
   5.0690685e-01  -8.6200084e-01   2.6100000e+00  -3.3863865e+00
   4.9826164e-01  -8.6702672e-01   2.6200000e+00  -3.3978848e+00
   4.8082261e-01  -8.7681789e-01   2.6400000e+00  -3.4202730e+00
   4.6319126e-01  -8.8625834e-01   2.6600000e+00  -3.4418380e+00
   4.5430567e-01  -8.9084587e-01   2.6700000e+00  -3.4523074e+00
   4.2737988e-01  -9.0407214e-01   2.7000000e+00  -3.4824427e+00
   4.1831794e-01  -9.0830067e-01   2.7100000e+00  -3.4920579e+00
   4.0921417e-01  -9.1243836e-01   2.7200000e+00  -3.5014554e+00
   4.0006948e-01  -9.1648481e-01   2.7300000e+00  -3.5106335e+00
   3.9088478e-01  -9.2043962e-01   2.7400000e+00  -3.5195908e+00
   3.8166099e-01  -9.2430238e-01   2.7500000e+00  -3.5283256e+00
   3.7239904e-01  -9.2807271e-01   2.7600000e+00  -3.5368364e+00
   3.6309985e-01  -9.3175024e-01   2.7700000e+00  -3.5451216e+00
   3.5376435e-01  -9.3533459e-01   2.7800000e+00  -3.5531798e+00
   3.4439347e-01  -9.3882540e-01   2.7900000e+00  -3.5610094e+00
   3.3498815e-01  -9.4222234e-01   2.8000000e+00  -3.5686091e+00
   3.2554933e-01  -9.4552506e-01   2.8100000e+00  -3.5759774e+00
   3.1607796e-01  -9.4873322e-01   2.8200000e+00  -3.5831128e+00
   3.0657499e-01  -9.5184651e-01   2.8300000e+00  -3.5900140e+00
   2.8747801e-01  -9.5778724e-01   2.8500000e+00  -3.6031083e+00
   2.7788593e-01  -9.6061408e-01   2.8600000e+00  -3.6092987e+00
   2.6826605e-01  -9.6334486e-01   2.8700000e+00  -3.6152496e+00
   2.5861935e-01  -9.6597931e-01   2.8800000e+00  -3.6209598e+00
   2.4894679e-01  -9.6851716e-01   2.8900000e+00  -3.6264278e+00
   2.3924933e-01  -9.7095817e-01   2.9000000e+00  -3.6316526e+00
   2.2952795e-01  -9.7330207e-01   2.9100000e+00  -3.6366330e+00
   2.1978361e-01  -9.7554865e-01   2.9200000e+00  -3.6413677e+00
   2.0022998e-01  -9.7974892e-01   2.9400000e+00  -3.6500956e+00
   1.9042265e-01  -9.8170220e-01   2.9500000e+00  -3.6540866e+00
   1.8059627e-01  -9.8355731e-01   2.9600000e+00  -3.6578275e+00
   1.7075183e-01  -9.8531407e-01   2.9700000e+00  -3.6613173e+00
   1.5101271e-01  -9.8853182e-01   2.9900000e+00  -3.6675395e+00
   1.4112001e-01  -9.8999250e-01   3.0000000e+00  -3.6702699e+00
   1.3121319e-01  -9.9135417e-01   3.0100000e+00  -3.6727452e+00
   1.1136119e-01  -9.9378000e-01   3.0300000e+00  -3.6769270e+00
   9.1464642e-02  -9.9580832e-01   3.0500000e+00  -3.6800778e+00
   8.1502152e-02  -9.9667317e-01   3.0600000e+00  -3.6812645e+00
   6.1553717e-02  -9.9810377e-01   3.0800000e+00  -3.6828565e+00
   4.1580662e-02  -9.9913515e-01   3.1000000e+00  -3.6834017e+00
   3.1587398e-02  -9.9950099e-01   3.1100000e+00  -3.6832799e+00
   2.1590976e-02  -9.9976689e-01   3.1200000e+00  -3.6828944e+00
   1.1592394e-02  -9.9993281e-01   3.1300000e+00  -3.6822444e+00
   1.5926529e-03  -9.9999873e-01   3.1400000e+00  -3.6813294e+00
  -8.4072474e-03  -9.9996466e-01   3.1500000e+00  -3.6801488e+00
  -1.8406307e-02  -9.9983059e-01   3.1600000e+00  -3.6787021e+00
  -2.8403526e-02  -9.9959654e-01   3.1700000e+00  -3.6769886e+00
  -3.8397905e-02  -9.9926253e-01   3.1800000e+00  -3.6750080e+00
  -4.8388443e-02  -9.9882859e-01   3.1900000e+00  -3.6727597e+00
  -5.8374143e-02  -9.9829478e-01   3.2000000e+00  -3.6702433e+00
  -6.8354006e-02  -9.9766113e-01   3.2100000e+00  -3.6674583e+00
  -7.8327033e-02  -9.9692772e-01   3.2200000e+00  -3.6644044e+00
  -8.8292228e-02  -9.9609462e-01   3.2300000e+00  -3.6610812e+00
  -9.8248594e-02  -9.9516190e-01   3.2400000e+00  -3.6574883e+00
  -1.0819513e-01  -9.9412968e-01   3.2500000e+00  -3.6536255e+00
  -1.2805476e-01  -9.9176710e-01   3.2700000e+00  -3.6450888e+00
  -1.3796587e-01  -9.9043698e-01   3.2800000e+00  -3.6404144e+00
  -1.4786317e-01  -9.8900783e-01   3.2900000e+00  -3.6354691e+00
  -1.5774569e-01  -9.8747977e-01   3.3000000e+00  -3.6302527e+00
  -1.6761244e-01  -9.8585297e-01   3.3100000e+00  -3.6247650e+00
  -1.7746242e-01  -9.8412758e-01   3.3200000e+00  -3.6190059e+00
  -1.8729466e-01  -9.8230378e-01   3.3300000e+00  -3.6129753e+00
  -1.9710817e-01  -9.8038175e-01   3.3400000e+00  -3.6066731e+00
  -2.1667508e-01  -9.7624378e-01   3.3600000e+00  -3.5932538e+00
  -2.2642652e-01  -9.7402825e-01   3.3700000e+00  -3.5861367e+00
  -2.3615532e-01  -9.7171532e-01   3.3800000e+00  -3.5787480e+00
  -2.4586050e-01  -9.6930522e-01   3.3900000e+00  -3.5710878e+00
  -2.6519615e-01  -9.6419448e-01   3.4100000e+00  -3.5549532e+00
  -2.7482467e-01  -9.6149436e-01   3.4200000e+00  -3.5464791e+00
  -2.8442571e-01  -9.5869808e-01   3.4300000e+00  -3.5377340e+00
  -2.9399831e-01  -9.5580594e-01   3.4400000e+00  -3.5287181e+00
  -3.1305436e-01  -9.4973521e-01   3.4600000e+00  -3.5098748e+00
  -3.2253590e-01  -9.4655723e-01   3.4700000e+00  -3.5000480e+00
  -3.3198519e-01  -9.4328460e-01   3.4800000e+00  -3.4899515e+00
  -3.5078323e-01  -9.3645669e-01   3.5000000e+00  -3.4689506e+00
  -3.6013010e-01  -9.3290209e-01   3.5100000e+00  -3.4580470e+00
  -3.6944096e-01  -9.2925421e-01   3.5200000e+00  -3.4468752e+00
  -3.7871487e-01  -9.2551340e-01   3.5300000e+00  -3.4354356e+00
  -3.9714817e-01  -9.1775451e-01   3.5500000e+00  -3.4117551e+00
  -4.0630570e-01  -9.1373720e-01   3.5600000e+00  -3.3995151e+00
  -4.1542261e-01  -9.0962853e-01   3.5700000e+00  -3.3870094e+00
  -4.3353088e-01  -9.0113871e-01   3.5900000e+00  -3.3612032e+00
  -4.4252044e-01  -8.9675842e-01   3.6000000e+00  -3.3479038e+00
  -4.5146575e-01  -8.9228845e-01   3.6100000e+00  -3.3343412e+00
  -4.6036591e-01  -8.8772925e-01   3.6200000e+00  -3.3205160e+00
  -4.6922004e-01  -8.8308128e-01   3.6300000e+00  -3.3064289e+00
  -4.7802725e-01  -8.7834501e-01   3.6400000e+00  -3.2920807e+00
  -5.0415855e-01  -8.6361112e-01   3.6700000e+00  -3.2474770e+00
  -5.1276931e-01  -8.5852643e-01   3.6800000e+00  -3.2320920e+00
  -5.2132879e-01  -8.5335590e-01   3.6900000e+00  -3.2164500e+00
  -5.2983614e-01  -8.4810003e-01   3.7000000e+00  -3.2005519e+00
  -5.3829051e-01  -8.4275935e-01   3.7100000e+00  -3.1843984e+00
  -5.4669105e-01  -8.3733440e-01   3.7200000e+00  -3.1679906e+00
  -5.5503692e-01  -8.3182572e-01   3.7300000e+00  -3.1513294e+00
  -5.6332728e-01  -8.2623385e-01   3.7400000e+00  -3.1344159e+00
  -5.7973820e-01  -8.1480281e-01   3.7600000e+00  -3.0998358e+00
  -5.8785710e-01  -8.0896479e-01   3.7700000e+00  -3.0821714e+00
  -5.9591722e-01  -8.0304587e-01   3.7800000e+00  -3.0642588e+00
  -6.0391775e-01  -7.9704664e-01   3.7900000e+00  -3.0460991e+00
  -6.1185789e-01  -7.9096771e-01   3.8000000e+00  -3.0276936e+00
  -6.1973684e-01  -7.8480969e-01   3.8100000e+00  -3.0090433e+00
  -6.3530805e-01  -7.7225882e-01   3.8300000e+00  -2.9710134e+00
  -6.4299874e-01  -7.6586723e-01   3.8400000e+00  -2.9516362e+00
  -6.5062514e-01  -7.5939906e-01   3.8500000e+00  -2.9320192e+00
  -6.5818647e-01  -7.5285495e-01   3.8600000e+00  -2.9121636e+00
  -6.6568199e-01  -7.4623555e-01   3.8700000e+00  -2.8920708e+00
  -6.7311093e-01  -7.3954153e-01   3.8800000e+00  -2.8717422e+00
  -6.8047257e-01  -7.3277355e-01   3.8900000e+00  -2.8511790e+00
  -6.8776616e-01  -7.2593230e-01   3.9000000e+00  -2.8303827e+00
  -6.9499097e-01  -7.1901846e-01   3.9100000e+00  -2.8093546e+00
  -7.0214629e-01  -7.1203272e-01   3.9200000e+00  -2.7880962e+00
  -7.0923139e-01  -7.0497577e-01   3.9300000e+00  -2.7666090e+00
  -7.1624557e-01  -6.9784833e-01   3.9400000e+00  -2.7448944e+00
  -7.2318812e-01  -6.9065110e-01   3.9500000e+00  -2.7229539e+00
  -7.3685559e-01  -6.7605017e-01   3.9700000e+00  -2.6784014e+00
  -7.4357914e-01  -6.6864794e-01   3.9800000e+00  -2.6557924e+00
  -7.5022833e-01  -6.6117884e-01   3.9900000e+00  -2.6329638e+00
  -7.5680250e-01  -6.5364362e-01   4.0000000e+00  -2.6099172e+00
  -7.6330098e-01  -6.4604304e-01   4.0100000e+00  -2.5866541e+00
  -7.6972314e-01  -6.3837786e-01   4.0200000e+00  -2.5631762e+00
  -7.7606833e-01  -6.3064883e-01   4.0300000e+00  -2.5394852e+00
  -7.8233591e-01  -6.2285675e-01   4.0400000e+00  -2.5155828e+00
  -7.8852525e-01  -6.1500238e-01   4.0500000e+00  -2.4914707e+00
  -7.9463575e-01  -6.0708651e-01   4.0600000e+00  -2.4671507e+00
  -8.0661775e-01  -5.9107344e-01   4.0800000e+00  -2.4178938e+00
  -8.1827711e-01  -5.7482395e-01   4.1000000e+00  -2.3678264e+00
  -8.2398434e-01  -5.6661257e-01   4.1100000e+00  -2.3424934e+00
  -8.3515105e-01  -5.5002066e-01   4.1300000e+00  -2.2912379e+00
  -8.4060940e-01  -5.4164179e-01   4.1400000e+00  -2.2653192e+00
  -8.4598370e-01  -5.3320876e-01   4.1500000e+00  -2.2392091e+00
  -8.6662967e-01  -4.9895192e-01   4.1900000e+00  -2.1328937e+00
  -8.7643472e-01  -4.8152070e-01   4.2100000e+00  -2.0786388e+00
  -8.8120603e-01  -4.7273242e-01   4.2200000e+00  -2.0512441e+00
  -8.8588921e-01  -4.6389687e-01   4.2300000e+00  -2.0236740e+00
  -8.9048381e-01  -4.5501493e-01   4.2400000e+00  -1.9959307e+00
  -9.0373152e-01  -4.2809968e-01   4.2700000e+00  -1.9116818e+00
  -9.0796726e-01  -4.1904111e-01   4.2800000e+00  -1.8832664e+00
  -9.1616594e-01  -4.0079917e-01   4.3000000e+00  -1.8259498e+00
  -9.2012805e-01  -3.9161763e-01   4.3100000e+00  -1.7970530e+00
  -9.2399816e-01  -3.8239692e-01   4.3200000e+00  -1.7680002e+00
  -9.2777586e-01  -3.7313797e-01   4.3300000e+00  -1.7387936e+00
  -9.3146079e-01  -3.6384171e-01   4.3400000e+00  -1.7094354e+00
  -9.3855086e-01  -3.4514097e-01   4.3600000e+00  -1.6502734e+00
  -9.4195528e-01  -3.3573836e-01   4.3700000e+00  -1.6204742e+00
  -9.4526551e-01  -3.2630218e-01   4.3800000e+00  -1.5905326e+00
  -9.4848122e-01  -3.1683337e-01   4.3900000e+00  -1.5604508e+00
  -9.5160207e-01  -3.0733287e-01   4.4000000e+00  -1.5302313e+00
  -9.5462777e-01  -2.9780164e-01   4.4100000e+00  -1.4998763e+00
  -9.5755801e-01  -2.8824063e-01   4.4200000e+00  -1.4693883e+00
  -9.6039249e-01  -2.7865080e-01   4.4300000e+00  -1.4387696e+00
  -9.6313093e-01  -2.6903310e-01   4.4400000e+00  -1.4080226e+00
  -9.6831861e-01  -2.4971796e-01   4.4600000e+00  -1.3461533e+00
  -9.7311898e-01  -2.3030294e-01   4.4800000e+00  -1.2837998e+00
  -9.7537332e-01  -2.2056040e-01   4.4900000e+00  -1.2524476e+00
  -9.7753012e-01  -2.1079580e-01   4.5000000e+00  -1.2209816e+00
  -9.7958916e-01  -2.0101012e-01   4.5100000e+00  -1.1894044e+00
  -9.8341319e-01  -1.8137944e-01   4.5300000e+00  -1.1259263e+00
  -9.8517778e-01  -1.7153641e-01   4.5400000e+00  -1.0940303e+00
  -9.8684386e-01  -1.6167622e-01   4.5500000e+00  -1.0620331e+00
  -9.9124937e-01  -1.3200259e-01   4.5800000e+00  -9.6545944e-01
  -9.9251981e-01  -1.2208366e-01   4.5900000e+00  -9.3308264e-01
  -9.9369100e-01  -1.1215253e-01   4.6000000e+00  -9.0061733e-01
  -9.9476283e-01  -1.0221017e-01   4.6100000e+00  -8.6806609e-01
  -9.9660795e-01  -8.2295803e-02   4.6300000e+00  -8.0271609e-01
  -9.9738106e-01  -7.2325775e-02   4.6400000e+00  -7.6992254e-01
  -9.9805444e-01  -6.2348515e-02   4.6500000e+00  -7.3705341e-01
  -9.9862801e-01  -5.2365019e-02   4.6600000e+00  -7.0411134e-01
  -9.9910172e-01  -4.2376287e-02   4.6700000e+00  -6.7109892e-01
  -9.9947552e-01  -3.2383318e-02   4.6800000e+00  -6.3801880e-01
  -9.9974938e-01  -2.2387110e-02   4.6900000e+00  -6.0487360e-01
  -9.9992326e-01  -1.2388663e-02   4.7000000e+00  -5.7166597e-01
  -9.9999715e-01  -2.3889781e-03   4.7100000e+00  -5.3839856e-01
  -9.9997104e-01   7.6109461e-03   4.7200000e+00  -5.0507401e-01
  -9.9984493e-01   1.7610109e-02   4.7300000e+00  -4.7169498e-01
  -9.9929279e-01   3.7602153e-02   4.7500000e+00  -4.0478416e-01
  -9.9834094e-01   5.7579156e-02   4.7700000e+00  -3.3768747e-01
  -9.9771525e-01   6.7559520e-02   4.7800000e+00  -3.0407612e-01
  -9.9698978e-01   7.7533128e-02   4.7900000e+00  -2.7042635e-01
  -9.9523983e-01   9.7456089e-02   4.8100000e+00  -2.0302233e-01
  -9.9421552e-01   1.0740345e-01   4.8200000e+00  -1.6927346e-01
  -9.9309179e-01   1.1734007e-01   4.8300000e+00  -1.3549696e-01
  -9.9186876e-01   1.2726495e-01   4.8400000e+00  -1.0169552e-01
  -9.9054654e-01   1.3717711e-01   4.8500000e+00  -6.7871860e-02
  -9.8912526e-01   1.4707555e-01   4.8600000e+00  -3.4028680e-02
  -9.8598613e-01   1.6682733e-01   4.8800000e+00   3.3705389e-02
  -9.8426858e-01   1.7667868e-01   4.8900000e+00   6.7590854e-02
  -9.8053840e-01   1.9632741e-01   4.9100000e+00   1.3538507e-01
  -9.7852613e-01   2.0612281e-01   4.9200000e+00   1.6928839e-01
  -9.7641601e-01   2.1589760e-01   4.9300000e+00   2.0319223e-01
  -9.7420825e-01   2.2565081e-01   4.9400000e+00   2.3709387e-01
  -9.7190307e-01   2.3538144e-01   4.9500000e+00   2.7099061e-01
  -9.6950070e-01   2.4508854e-01   4.9600000e+00   3.0487971e-01
  -9.6440536e-01   2.6442825e-01   4.9800000e+00   3.7262417e-01
  -9.6171290e-01   2.7405892e-01   4.9900000e+00   4.0647411e-01
  -9.5305963e-01   3.0278266e-01   5.0200000e+00   5.0790219e-01
  -9.4998420e-01   3.1229796e-01   5.0300000e+00   5.4166195e-01
  -9.4681378e-01   3.2178203e-01   5.0400000e+00   5.7539241e-01
  -9.4354867e-01   3.3123392e-01   5.0500000e+00   6.0909087e-01
  -9.4018921e-01   3.4065269e-01   5.0600000e+00   6.4275464e-01
  -9.3673573e-01   3.5003739e-01   5.0700000e+00   6.7638101e-01
  -9.3318858e-01   3.5938709e-01   5.0800000e+00   7.0996730e-01
  -9.2954811e-01   3.6870085e-01   5.0900000e+00   7.4351083e-01
  -9.2581468e-01   3.7797774e-01   5.1000000e+00   7.7700891e-01
  -9.2198868e-01   3.8721684e-01   5.1100000e+00   8.1045888e-01
  -9.1807047e-01   3.9641721e-01   5.1200000e+00   8.4385805e-01
  -9.1406047e-01   4.0557794e-01   5.1300000e+00   8.7720377e-01
  -9.0995905e-01   4.1469811e-01   5.1400000e+00   9.1049337e-01
  -9.0576664e-01   4.2377682e-01   5.1500000e+00   9.4372420e-01
  -9.0148366e-01   4.3281314e-01   5.1600000e+00   9.7689361e-01
  -8.9711052e-01   4.4180619e-01   5.1700000e+00   1.0099989e+00
  -8.9264768e-01   4.5075506e-01   5.1800000e+00   1.0430376e+00
  -8.8809557e-01   4.5965885e-01   5.1900000e+00   1.0760069e+00
  -8.8345466e-01   4.6851667e-01   5.2000000e+00   1.1089043e+00
  -8.7872539e-01   4.7732764e-01   5.2100000e+00   1.1417271e+00
  -8.7390826e-01   4.8609089e-01   5.2200000e+00   1.1744727e+00
  -8.6900374e-01   4.9480552e-01   5.2300000e+00   1.2071385e+00
  -8.6401232e-01   5.0347067e-01   5.2400000e+00   1.2397220e+00
  -8.5893449e-01   5.1208548e-01   5.2500000e+00   1.2722205e+00
  -8.4852169e-01   5.2916061e-01   5.2700000e+00   1.3369523e+00
  -8.4318774e-01   5.3761923e-01   5.2800000e+00   1.3691806e+00
  -8.3226744e-01   5.5437434e-01   5.3000000e+00   1.4333489e+00
  -8.2668218e-01   5.6266915e-01   5.3100000e+00   1.4652839e+00
  -8.2101425e-01   5.7090770e-01   5.3200000e+00   1.4971161e+00
  -8.1526421e-01   5.7908916e-01   5.3300000e+00   1.5288430e+00
  -8.0943266e-01   5.8721272e-01   5.3400000e+00   1.5604621e+00
  -8.0352016e-01   5.9527755e-01   5.3500000e+00   1.5919709e+00
  -7.9752730e-01   6.0328285e-01   5.3600000e+00   1.6233670e+00
  -7.9145470e-01   6.1122783e-01   5.3700000e+00   1.6546478e+00
  -7.7907267e-01   6.2693363e-01   5.3900000e+00   1.7168539e+00
  -7.7276449e-01   6.3469288e-01   5.4000000e+00   1.7477744e+00
  -7.5991693e-01   6.5002020e-01   5.4200000e+00   1.8092380e+00
  -7.5337884e-01   6.5758674e-01   5.4300000e+00   1.8397763e+00
  -7.4676541e-01   6.6508753e-01   5.4400000e+00   1.8701824e+00
  -7.4007731e-01   6.7252180e-01   5.4500000e+00   1.9004541e+00
  -7.3331520e-01   6.7988883e-01   5.4600000e+00   1.9305889e+00
  -7.2647976e-01   6.8718786e-01   5.4700000e+00   1.9605844e+00
  -7.1957167e-01   6.9441818e-01   5.4800000e+00   1.9904385e+00
  -7.1259163e-01   7.0157906e-01   5.4900000e+00   2.0201486e+00
  -7.0554033e-01   7.0866977e-01   5.5000000e+00   2.0497127e+00
  -6.9841847e-01   7.1568963e-01   5.5100000e+00   2.0791282e+00
  -6.9122677e-01   7.2263791e-01   5.5200000e+00   2.1083931e+00
  -6.8396595e-01   7.2951393e-01   5.5300000e+00   2.1375051e+00
  -6.6923986e-01   7.4304644e-01   5.5500000e+00   2.1952612e+00
  -6.4665067e-01   7.6278628e-01   5.5800000e+00   2.2806929e+00
  -6.1563011e-01   7.8803526e-01   5.6200000e+00   2.3922660e+00
  -6.0771910e-01   7.9415206e-01   5.6300000e+00   2.4197281e+00
  -5.9974733e-01   8.0018944e-01   5.6400000e+00   2.4470135e+00
  -5.9171558e-01   8.0614681e-01   5.6500000e+00   2.4741201e+00
  -5.5900500e-01   8.2916429e-01   5.6900000e+00   2.5807190e+00
  -5.5068554e-01   8.3471278e-01   5.7000000e+00   2.6069019e+00
  -5.3388227e-01   8.4555882e-01   5.7200000e+00   2.6586937e+00
  -5.2540013e-01   8.5085528e-01   5.7300000e+00   2.6842988e+00
  -5.0827908e-01   8.6119242e-01   5.7500000e+00   2.7349179e+00
  -4.9095472e-01   8.7118509e-01   5.7700000e+00   2.7847367e+00
  -4.8221847e-01   8.7605099e-01   5.7800000e+00   2.8093414e+00
  -4.7343400e-01   8.8082930e-01   5.7900000e+00   2.8337406e+00
  -4.6460218e-01   8.8551952e-01   5.8000000e+00   2.8579325e+00
  -4.5572390e-01   8.9012119e-01   5.8100000e+00   2.8819153e+00
  -4.4680005e-01   8.9463384e-01   5.8200000e+00   2.9056874e+00
  -4.2881921e-01   9.0339033e-01   5.8400000e+00   2.9525926e+00
  -4.1976402e-01   9.0763328e-01   5.8500000e+00   2.9757223e+00
  -4.1066685e-01   9.1178547e-01   5.8600000e+00   2.9986346e+00
  -3.9235022e-01   9.1981591e-01   5.8800000e+00   3.0438003e+00
  -3.7387666e-01   9.2747843e-01   5.9000000e+00   3.0880772e+00
  -3.6458334e-01   9.3117076e-01   5.9100000e+00   3.1098785e+00
  -3.5525356e-01   9.3476998e-01   5.9200000e+00   3.1314529e+00
  -3.4588825e-01   9.3827571e-01   5.9300000e+00   3.1527991e+00
  -3.3648836e-01   9.4168763e-01   5.9400000e+00   3.1739154e+00
  -3.2705481e-01   9.4500537e-01   5.9500000e+00   3.1948006e+00
  -3.1758857e-01   9.4822861e-01   5.9600000e+00   3.2154532e+00
  -3.0809056e-01   9.5135703e-01   5.9700000e+00   3.2358718e+00
  -2.9856174e-01   9.5439032e-01   5.9800000e+00   3.2560550e+00
  -2.7941550e-01   9.6017029e-01   6.0000000e+00   3.2957100e+00
  -2.6015749e-01   9.6556620e-01   6.0200000e+00   3.3344077e+00
  -2.5048898e-01   9.6811945e-01   6.0300000e+00   3.3533945e+00
  -2.4079543e-01   9.7057589e-01   6.0400000e+00   3.3721381e+00
  -2.3107779e-01   9.7293528e-01   6.0500000e+00   3.3906374e+00
  -2.2133704e-01   9.7519737e-01   6.0600000e+00   3.4088913e+00
  -2.1157417e-01   9.7736195e-01   6.0700000e+00   3.4268986e+00
  -2.0179013e-01   9.7942878e-01   6.0800000e+00   3.4446582e+00
  -1.7232088e-01   9.8504087e-01   6.1100000e+00   3.4964396e+00
  -1.6246202e-01   9.8671480e-01   6.1200000e+00   3.5131975e+00
  -1.5258691e-01   9.8829006e-01   6.1300000e+00   3.5297024e+00
  -1.2287400e-01   9.9242228e-01   6.1600000e+00   3.5776895e+00
  -9.3050503e-02   9.9566139e-01   6.1900000e+00   3.6233661e+00
  -7.3119994e-02   9.9732315e-01   6.2100000e+00   3.6525222e+00
  -6.3143272e-02   9.9800447e-01   6.2200000e+00   3.6667093e+00
  -4.3171885e-02   9.9906766e-01   6.2400000e+00   3.6942980e+00
  -3.3179217e-02   9.9944942e-01   6.2500000e+00   3.7076982e+00
  -2.3183230e-02   9.9973123e-01   6.2600000e+00   3.7208347e+00
  -1.3184925e-02   9.9991308e-01   6.2700000e+00   3.7337069e+00
  -3.1853018e-03   9.9999493e-01   6.2800000e+00   3.7463142e+00
