   9.9998333e-03   9.9995000e-01   1.0000000e-02  -4.7233560e-01
   3.9989334e-02   9.9920011e-01   4.0000000e-02  -4.3716400e-01
   8.9878549e-02   9.9595273e-01   9.0000000e-02  -3.8390486e-01
   2.1822962e-01   9.7589745e-01   2.2000000e-01  -2.7705339e-01
   2.3770263e-01   9.7133797e-01   2.4000000e-01  -2.6468567e-01
   2.7635565e-01   9.6105544e-01   2.8000000e-01  -2.4320741e-01
   2.9552021e-01   9.5533649e-01   3.0000000e-01  -2.3409469e-01
   3.0505864e-01   9.5233357e-01   3.1000000e-01  -2.2994423e-01
   3.5227423e-01   9.3589682e-01   3.6000000e-01  -2.1323985e-01
   4.3496553e-01   9.0044710e-01   4.5000000e-01  -2.0004918e-01
   4.4394811e-01   8.9605250e-01   4.6000000e-01  -1.9991049e-01
   4.6177918e-01   8.8699492e-01   4.8000000e-01  -2.0042191e-01
   5.1413599e-01   8.5770868e-01   5.4000000e-01  -2.0821385e-01
   5.5636102e-01   8.3094068e-01   5.9000000e-01  -2.2177929e-01
   5.6464247e-01   8.2533561e-01   6.0000000e-01  -2.2525293e-01
   5.8914476e-01   8.0802751e-01   6.3000000e-01  -2.3717678e-01
   6.2879302e-01   7.7757272e-01   6.8000000e-01  -2.6199388e-01
   7.0327942e-01   7.1091354e-01   7.8000000e-01  -3.2962251e-01
   7.8950374e-01   6.1374575e-01   9.1000000e-01  -4.5146058e-01
   8.1341550e-01   5.8168309e-01   9.5000000e-01  -4.9618092e-01
   8.3049737e-01   5.5702255e-01   9.8000000e-01  -5.3183273e-01
   8.4683184e-01   5.3186072e-01   1.0100000e+00  -5.6923872e-01
   8.6240423e-01   5.0622026e-01   1.0400000e+00  -6.0834704e-01
   9.0863350e-01   4.1759450e-01   1.1400000e+00  -7.5030613e-01
   9.4578400e-01   3.2479628e-01   1.2400000e+00  -9.0848097e-01
   9.5510086e-01   2.9628087e-01   1.2700000e+00  -9.5876239e-01
   9.7990806e-01   1.9944972e-01   1.3700000e+00  -1.1346267e+00
   9.9145835e-01   1.3042371e-01   1.4400000e+00  -1.2643229e+00
   9.9386836e-01   1.1056978e-01   1.4600000e+00  -1.3022331e+00
   9.9952583e-01   3.0791459e-02   1.5400000e+00  -1.4570877e+00
   9.9981562e-01  -1.9202493e-02   1.5900000e+00  -1.5560579e+00
   9.9760638e-01  -6.9148449e-02   1.6400000e+00  -1.6563125e+00
   9.9686503e-01  -7.9120889e-02   1.6500000e+00  -1.6764881e+00
   9.7819661e-01  -2.0768100e-01   1.7800000e+00  -1.9410000e+00
   9.6910913e-01  -2.4663231e-01   1.8200000e+00  -2.0226680e+00
   9.6398300e-01  -2.6596388e-01   1.8400000e+00  -2.0634483e+00
   9.2137081e-01  -3.8868475e-01   1.9700000e+00  -2.3259735e+00
   9.0929743e-01  -4.1614684e-01   2.0000000e+00  -2.3855418e+00
   9.0509056e-01  -4.2521885e-01   2.0100000e+00  -2.4052830e+00
   8.9640574e-01  -4.4323442e-01   2.0300000e+00  -2.4445773e+00
   8.9192865e-01  -4.5217616e-01   2.0400000e+00  -2.4641250e+00
   8.5811783e-01  -5.1345281e-01   2.1100000e+00  -2.5988602e+00
   8.5294048e-01  -5.2200818e-01   2.1200000e+00  -2.6177770e+00
   8.2010395e-01  -5.7221457e-01   2.1800000e+00  -2.7292880e+00
   8.1434089e-01  -5.8038686e-01   2.1900000e+00  -2.7475179e+00
   7.9048022e-01  -6.1248757e-01   2.2300000e+00  -2.8193308e+00
   7.7175266e-01  -6.3592282e-01   2.2600000e+00  -2.8719593e+00
   7.5233058e-01  -6.5878578e-01   2.2900000e+00  -2.9234597e+00
   6.3776470e-01  -7.7023125e-01   2.4500000e+00  -3.1764600e+00
   4.8956661e-01  -8.7196590e-01   2.6300000e+00  -3.4091809e+00
   4.7203054e-01  -8.8158220e-01   2.6500000e+00  -3.4311593e+00
   4.4537464e-01  -8.9534431e-01   2.6800000e+00  -3.4625658e+00
   4.3639908e-01  -8.9975321e-01   2.6900000e+00  -3.4726115e+00
   2.9704135e-01  -9.5486462e-01   2.8400000e+00  -3.5966796e+00
   2.1001730e-01  -9.7769767e-01   2.9300000e+00  -3.6458556e+00
   1.6089031e-01  -9.8697229e-01   2.9800000e+00  -3.6645550e+00
   1.2129326e-01  -9.9261672e-01   3.0200000e+00  -3.6749646e+00
   1.0141799e-01  -9.9484390e-01   3.0400000e+00  -3.6786317e+00
   7.1531511e-02  -9.9743834e-01   3.0700000e+00  -3.6821910e+00
   5.1569768e-02  -9.9866939e-01   3.0900000e+00  -3.6832603e+00
  -1.1813086e-01  -9.9299804e-01   3.2600000e+00  -3.6494924e+00
  -2.0690197e-01  -9.7836168e-01   3.3500000e+00  -3.6000992e+00
  -2.5554110e-01  -9.6679819e-01   3.4000000e+00  -3.5631562e+00
  -3.0354151e-01  -9.5281821e-01   3.4500000e+00  -3.5194316e+00
  -3.4140128e-01  -9.3991764e-01   3.4900000e+00  -3.4795855e+00
  -3.8795092e-01  -9.2168003e-01   3.5400000e+00  -3.4237288e+00
  -4.2449797e-01  -9.0542889e-01   3.5800000e+00  -3.3742386e+00
  -4.8678665e-01  -8.7352090e-01   3.6500000e+00  -3.2774721e+00
  -4.9549737e-01  -8.6860944e-01   3.6600000e+00  -3.2626039e+00
  -5.7156132e-01  -8.2055936e-01   3.7500000e+00  -3.1172510e+00
  -6.2755382e-01  -7.7857318e-01   3.8200000e+00  -2.9901495e+00
  -7.3005836e-01  -6.8338480e-01   3.9600000e+00  -2.7007891e+00
  -8.0066678e-01  -5.9910993e-01   4.0700000e+00  -2.4426245e+00
  -8.1248805e-01  -5.8297784e-01   4.0900000e+00  -2.3929605e+00
  -8.2960917e-01  -5.5834453e-01   4.1200000e+00  -2.3169633e+00
  -8.5127340e-01  -5.2472240e-01   4.1600000e+00  -2.2129095e+00
  -8.5647797e-01  -5.1618357e-01   4.1700000e+00  -2.1864225e+00
  -8.6159690e-01  -5.0759313e-01   4.1800000e+00  -2.1597498e+00
  -8.7157577e-01  -4.9026082e-01   4.2000000e+00  -2.1058560e+00
  -8.9498936e-01  -4.4608749e-01   4.2500000e+00  -1.9680161e+00
  -8.9940541e-01  -4.3711544e-01   4.2600000e+00  -1.9399324e+00
  -9.1211220e-01  -4.0994064e-01   4.2900000e+00  -1.8546883e+00
  -9.3505258e-01  -3.5450907e-01   4.3500000e+00  -1.6799279e+00
  -9.6577306e-01  -2.5938850e-01   4.4500000e+00  -1.3771497e+00
  -9.7076734e-01  -2.4002245e-01   4.4700000e+00  -1.3150359e+00
  -9.8155025e-01  -1.9120434e-01   4.5200000e+00  -1.1577185e+00
  -9.8841125e-01  -1.5179986e-01   4.5600000e+00  -1.0299372e+00
  -9.8987981e-01  -1.4190832e-01   4.5700000e+00  -9.9774515e-01
  -9.9573517e-01  -9.2257602e-02   4.6200000e+00  -8.3543147e-01
  -9.9961884e-01   2.7607511e-02   4.7400000e+00  -4.3826414e-01
  -9.9886681e-01   4.7593034e-02   4.7600000e+00  -3.7125771e-01
  -9.9616461e-01   8.7498983e-02   4.8000000e+00  -2.3674086e-01
  -9.8760507e-01   1.5695929e-01   4.8700000e+00  -1.6869317e-04
  -9.8245261e-01   1.8651237e-01   4.9000000e+00   1.0148499e-01
  -9.6700138e-01   2.5477113e-01   4.9700000e+00   3.3875847e-01
  -9.5892427e-01   2.8366219e-01   5.0000000e+00   4.4030556e-01
  -9.5603975e-01   2.9323709e-01   5.0100000e+00   4.7411582e-01
  -8.5377078e-01   5.2064907e-01   5.2600000e+00   1.3046314e+00
  -8.3776948e-01   5.4602408e-01   5.2900000e+00   1.4013136e+00
  -7.8530295e-01   6.1911168e-01   5.3800000e+00   1.6858109e+00
  -7.6637903e-01   6.4238866e-01   5.4100000e+00   1.7785699e+00
  -6.7663674e-01   7.3631700e-01   5.5400000e+00   2.1664619e+00
  -6.6177605e-01   7.4970158e-01   5.5600000e+00   2.2239010e+00
  -6.5424608e-01   7.5628174e-01   5.5700000e+00   2.2523789e+00
  -6.3899060e-01   7.6921454e-01   5.5900000e+00   2.3088407e+00
  -6.3126664e-01   7.7556588e-01   5.6000000e+00   2.3368202e+00
  -6.2347955e-01   7.8183966e-01   5.6100000e+00   2.3646294e+00
  -5.8362466e-01   8.1202356e-01   5.6600000e+00   2.5010460e+00
  -5.7547538e-01   8.1781910e-01   5.6700000e+00   2.5277891e+00
  -5.6726855e-01   8.2353287e-01   5.6800000e+00   2.5543475e+00
  -5.4231102e-01   8.4017781e-01   5.7100000e+00   2.6328941e+00
  -5.1686544e-01   8.5606665e-01   5.7400000e+00   2.7097075e+00
  -4.9964188e-01   8.6623206e-01   5.7600000e+00   2.7599283e+00
  -4.3783152e-01   8.9905704e-01   5.8300000e+00   2.9292471e+00
  -4.0152861e-01   9.1584648e-01   5.8700000e+00   3.0213278e+00
  -3.8313260e-01   9.2369335e-01   5.8900000e+00   3.0660507e+00
  -2.8900307e-01   9.5732817e-01   5.9900000e+00   3.2760016e+00
  -2.6979998e-01   9.6291639e-01   6.0100000e+00   3.3151792e+00
  -1.9198592e-01   9.8139768e-01   6.0900000e+00   3.4621689e+00
  -1.8216250e-01   9.8326844e-01   6.1000000e+00   3.4794298e+00
  -1.4269654e-01   9.8976649e-01   6.1400000e+00   3.5459534e+00
  -1.3279191e-01   9.9114394e-01   6.1500000e+00   3.5619494e+00
  -1.1294379e-01   9.9360138e-01   6.1700000e+00   3.5931730e+00
  -1.0300230e-01   9.9468112e-01   6.1800000e+00   3.6083988e+00
  -8.3089403e-02   9.9654210e-01   6.2000000e+00   3.6380742e+00
  -5.3160237e-02   9.9858599e-01   6.2300000e+00   3.6806348e+00
